omb/lG2 lG YHe yhe

0.01316 0.75 0.1917 0.1914
0.01352 0.75 0.192 0.1917
0.01389 0.75 0.1923 0.192
0.01425 0.75 0.1925 0.1923
0.01462 0.75 0.1928 0.1926
0.01498 0.75 0.193 0.1928
0.01535 0.75 0.1933 0.1931
0.01571 0.75 0.1935 0.1933
0.01608 0.75 0.1938 0.1936
0.01644 0.75 0.194 0.1938
0.01681 0.75 0.1942 0.194
0.01717 0.75 0.1945 0.1942
0.01754 0.75 0.1947 0.1945
0.01791 0.75 0.1949 0.1947
0.01827 0.75 0.1951 0.1949
0.01864 0.75 0.1953 0.1951
0.019 0.75 0.1955 0.1953
0.01937 0.75 0.1956 0.1955
0.01973 0.75 0.1958 0.1957
0.0201 0.75 0.196 0.1958
0.02046 0.75 0.1962 0.196
0.02083 0.75 0.1964 0.1962
0.02119 0.75 0.1966 0.1964
0.02156 0.75 0.1967 0.1966
0.02192 0.75 0.1969 0.1967
0.02229 0.75 0.197 0.1969
0.02266 0.75 0.1972 0.1971
0.02302 0.75 0.1974 0.1972
0.02339 0.75 0.1975 0.1974
0.02375 0.75 0.1977 0.1975
0.02412 0.75 0.1978 0.1977
0.02448 0.75 0.1979 0.1978
0.02485 0.75 0.1981 0.198
0.02521 0.75 0.1982 0.1981
0.02558 0.75 0.1984 0.1983
0.02594 0.75 0.1985 0.1984
0.02631 0.75 0.1987 0.1985
0.02667 0.75 0.1988 0.1987
0.02704 0.75 0.1989 0.1988
0.02741 0.75 0.199 0.1989
0.02777 0.75 0.1992 0.1991
0.02814 0.75 0.1993 0.1992
0.0285 0.75 0.1994 0.1993
0.02887 0.75 0.1996 0.1994
0.02923 0.75 0.1997 0.1996
0.0296 0.75 0.1998 0.1997
0.02996 0.75 0.1999 0.1998
0.03033 0.75 0.2 0.1999
0.03069 0.75 0.2001 0.2
0.01315 0.8 0.2027 0.2024
0.01352 0.8 0.203 0.2027
0.01389 0.8 0.2033 0.203
0.01425 0.8 0.2035 0.2033
0.01462 0.8 0.2038 0.2035
0.01498 0.8 0.2041 0.2038
0.01535 0.8 0.2043 0.2041
0.01571 0.8 0.2046 0.2043
0.01608 0.8 0.2048 0.2046
0.01644 0.8 0.205 0.2048
0.01681 0.8 0.2052 0.205
0.01717 0.8 0.2055 0.2052
0.01754 0.8 0.2057 0.2055
0.0179 0.8 0.2059 0.2057
0.01827 0.8 0.2061 0.2059
0.01863 0.8 0.2063 0.2061
0.019 0.8 0.2065 0.2063
0.01937 0.8 0.2067 0.2065
0.01973 0.8 0.2069 0.2067
0.0201 0.8 0.207 0.2069
0.02046 0.8 0.2072 0.207
0.02083 0.8 0.2074 0.2072
0.02119 0.8 0.2076 0.2074
0.02156 0.8 0.2077 0.2076
0.02192 0.8 0.2079 0.2077
0.02229 0.8 0.2081 0.2079
0.02265 0.8 0.2082 0.2081
0.02302 0.8 0.2084 0.2082
0.02338 0.8 0.2085 0.2084
0.02375 0.8 0.2087 0.2085
0.02412 0.8 0.2088 0.2087
0.02448 0.8 0.209 0.2088
0.02485 0.8 0.2091 0.209
0.02521 0.8 0.2092 0.2091
0.02558 0.8 0.2094 0.2093
0.02594 0.8 0.2095 0.2094
0.02631 0.8 0.2097 0.2095
0.02667 0.8 0.2098 0.2097
0.02704 0.8 0.2099 0.2098
0.0274 0.8 0.21 0.2099
0.02777 0.8 0.2102 0.2101
0.02813 0.8 0.2103 0.2102
0.0285 0.8 0.2104 0.2103
0.02886 0.8 0.2105 0.2104
0.02923 0.8 0.2107 0.2106
0.0296 0.8 0.2108 0.2107
0.02996 0.8 0.2109 0.2108
0.03033 0.8 0.211 0.2109
0.03069 0.8 0.2111 0.211
0.01315 0.83 0.209 0.2087
0.01352 0.83 0.2093 0.2091
0.01388 0.83 0.2096 0.2093
0.01425 0.83 0.2099 0.2096
0.01462 0.83 0.2101 0.2099
0.01498 0.83 0.2104 0.2101
0.01535 0.83 0.2107 0.2104
0.01571 0.83 0.2109 0.2107
0.01608 0.83 0.2111 0.2109
0.01644 0.83 0.2114 0.2111
0.01681 0.83 0.2116 0.2114
0.01717 0.83 0.2118 0.2116
0.01754 0.83 0.212 0.2118
0.0179 0.83 0.2122 0.212
0.01827 0.83 0.2124 0.2122
0.01863 0.83 0.2126 0.2124
0.019 0.83 0.2128 0.2126
0.01936 0.83 0.213 0.2128
0.01973 0.83 0.2132 0.213
0.0201 0.83 0.2134 0.2132
0.02046 0.83 0.2135 0.2134
0.02083 0.83 0.2137 0.2136
0.02119 0.83 0.2139 0.2137
0.02156 0.83 0.214 0.2139
0.02192 0.83 0.2142 0.2141
0.02229 0.83 0.2144 0.2142
0.02265 0.83 0.2145 0.2144
0.02302 0.83 0.2147 0.2145
0.02338 0.83 0.2149 0.2147
0.02375 0.83 0.215 0.2149
0.02411 0.83 0.2152 0.215
0.02448 0.83 0.2153 0.2152
0.02484 0.83 0.2154 0.2153
0.02521 0.83 0.2156 0.2154
0.02558 0.83 0.2157 0.2156
0.02594 0.83 0.2159 0.2157
0.02631 0.83 0.216 0.2159
0.02667 0.83 0.2161 0.216
0.02704 0.83 0.2162 0.2161
0.0274 0.83 0.2164 0.2163
0.02777 0.83 0.2165 0.2164
0.02813 0.83 0.2166 0.2165
0.0285 0.83 0.2167 0.2166
0.02886 0.83 0.2169 0.2167
0.02923 0.83 0.217 0.2169
0.02959 0.83 0.2171 0.217
0.02996 0.83 0.2172 0.2171
0.03032 0.83 0.2173 0.2172
0.03069 0.83 0.2175 0.2173
0.01315 0.86 0.2152 0.2149
0.01352 0.86 0.2155 0.2152
0.01388 0.86 0.2157 0.2155
0.01425 0.86 0.216 0.2158
0.01461 0.86 0.2163 0.216
0.01498 0.86 0.2165 0.2163
0.01535 0.86 0.2168 0.2165
0.01571 0.86 0.217 0.2168
0.01608 0.86 0.2173 0.217
0.01644 0.86 0.2175 0.2173
0.01681 0.86 0.2177 0.2175
0.01717 0.86 0.2179 0.2177
0.01754 0.86 0.2182 0.2179
0.0179 0.86 0.2184 0.2182
0.01827 0.86 0.2186 0.2184
0.01863 0.86 0.2188 0.2186
0.019 0.86 0.219 0.2188
0.01936 0.86 0.2192 0.219
0.01973 0.86 0.2193 0.2192
0.02009 0.86 0.2195 0.2193
0.02046 0.86 0.2197 0.2195
0.02083 0.86 0.2199 0.2197
0.02119 0.86 0.22 0.2199
0.02156 0.86 0.2202 0.2201
0.02192 0.86 0.2204 0.2202
0.02229 0.86 0.2205 0.2204
0.02265 0.86 0.2207 0.2205
0.02302 0.86 0.2208 0.2207
0.02338 0.86 0.221 0.2209
0.02375 0.86 0.2211 0.221
0.02411 0.86 0.2213 0.2211
0.02448 0.86 0.2214 0.2213
0.02484 0.86 0.2216 0.2214
0.02521 0.86 0.2217 0.2216
0.02557 0.86 0.2219 0.2217
0.02594 0.86 0.222 0.2219
0.02631 0.86 0.2221 0.222
0.02667 0.86 0.2223 0.2221
0.02704 0.86 0.2224 0.2223
0.0274 0.86 0.2225 0.2224
0.02777 0.86 0.2226 0.2225
0.02813 0.86 0.2228 0.2226
0.0285 0.86 0.2229 0.2228
0.02886 0.86 0.223 0.2229
0.02923 0.86 0.2231 0.223
0.02959 0.86 0.2233 0.2231
0.02996 0.86 0.2234 0.2233
0.03032 0.86 0.2235 0.2234
0.03069 0.86 0.2236 0.2235
0.01315 0.88 0.2192 0.2188
0.01352 0.88 0.2195 0.2192
0.01388 0.88 0.2197 0.2195
0.01425 0.88 0.22 0.2198
0.01461 0.88 0.2203 0.22
0.01498 0.88 0.2205 0.2203
0.01534 0.88 0.2208 0.2205
0.01571 0.88 0.221 0.2208
0.01608 0.88 0.2213 0.221
0.01644 0.88 0.2215 0.2213
0.01681 0.88 0.2217 0.2215
0.01717 0.88 0.2219 0.2217
0.01754 0.88 0.2222 0.2219
0.0179 0.88 0.2224 0.2222
0.01827 0.88 0.2226 0.2224
0.01863 0.88 0.2228 0.2226
0.019 0.88 0.223 0.2228
0.01936 0.88 0.2231 0.223
0.01973 0.88 0.2233 0.2231
0.02009 0.88 0.2235 0.2233
0.02046 0.88 0.2237 0.2235
0.02082 0.88 0.2238 0.2237
0.02119 0.88 0.224 0.2239
0.02156 0.88 0.2242 0.224
0.02192 0.88 0.2244 0.2242
0.02229 0.88 0.2245 0.2244
0.02265 0.88 0.2247 0.2245
0.02302 0.88 0.2248 0.2247
0.02338 0.88 0.225 0.2248
0.02375 0.88 0.2251 0.225
0.02411 0.88 0.2253 0.2251
0.02448 0.88 0.2254 0.2253
0.02484 0.88 0.2256 0.2254
0.02521 0.88 0.2257 0.2256
0.02557 0.88 0.2259 0.2257
0.02594 0.88 0.226 0.2259
0.0263 0.88 0.2261 0.226
0.02667 0.88 0.2263 0.2261
0.02703 0.88 0.2264 0.2263
0.0274 0.88 0.2265 0.2264
0.02777 0.88 0.2266 0.2265
0.02813 0.88 0.2268 0.2266
0.0285 0.88 0.2269 0.2268
0.02886 0.88 0.227 0.2269
0.02923 0.88 0.2271 0.227
0.02959 0.88 0.2272 0.2271
0.02996 0.88 0.2273 0.2272
0.03032 0.88 0.2275 0.2274
0.03069 0.88 0.2276 0.2275
0.01315 0.9 0.2231 0.2228
0.01352 0.9 0.2234 0.2231
0.01388 0.9 0.2236 0.2234
0.01425 0.9 0.2239 0.2237
0.01461 0.9 0.2242 0.2239
0.01498 0.9 0.2245 0.2242
0.01534 0.9 0.2247 0.2245
0.01571 0.9 0.2249 0.2247
0.01607 0.9 0.2252 0.2249
0.01644 0.9 0.2254 0.2252
0.01681 0.9 0.2256 0.2254
0.01717 0.9 0.2258 0.2256
0.01754 0.9 0.2261 0.2259
0.0179 0.9 0.2263 0.2261
0.01827 0.9 0.2265 0.2263
0.01863 0.9 0.2267 0.2265
0.019 0.9 0.2269 0.2267
0.01936 0.9 0.2271 0.2269
0.01973 0.9 0.2273 0.2271
0.02009 0.9 0.2274 0.2273
0.02046 0.9 0.2276 0.2274
0.02082 0.9 0.2278 0.2276
0.02119 0.9 0.228 0.2278
0.02155 0.9 0.2281 0.228
0.02192 0.9 0.2283 0.2281
0.02229 0.9 0.2284 0.2283
0.02265 0.9 0.2286 0.2284
0.02302 0.9 0.2288 0.2286
0.02338 0.9 0.2289 0.2288
0.02375 0.9 0.2291 0.2289
0.02411 0.9 0.2292 0.2291
0.02448 0.9 0.2293 0.2292
0.02484 0.9 0.2295 0.2293
0.02521 0.9 0.2296 0.2295
0.02557 0.9 0.2298 0.2296
0.02594 0.9 0.2299 0.2298
0.0263 0.9 0.23 0.2299
0.02667 0.9 0.2301 0.23
0.02703 0.9 0.2303 0.2302
0.0274 0.9 0.2304 0.2303
0.02776 0.9 0.2305 0.2304
0.02813 0.9 0.2307 0.2305
0.0285 0.9 0.2308 0.2307
0.02886 0.9 0.2309 0.2308
0.02923 0.9 0.231 0.2309
0.02959 0.9 0.2311 0.231
0.02996 0.9 0.2313 0.2311
0.03032 0.9 0.2314 0.2313
0.03069 0.9 0.2315 0.2314
0.01315 0.91 0.225 0.2247
0.01352 0.91 0.2253 0.225
0.01388 0.91 0.2256 0.2253
0.01425 0.91 0.2259 0.2256
0.01461 0.91 0.2261 0.2259
0.01498 0.91 0.2264 0.2261
0.01534 0.91 0.2266 0.2264
0.01571 0.91 0.2269 0.2267
0.01607 0.91 0.2271 0.2269
0.01644 0.91 0.2273 0.2271
0.01681 0.91 0.2276 0.2274
0.01717 0.91 0.2278 0.2276
0.01754 0.91 0.228 0.2278
0.0179 0.91 0.2282 0.228
0.01827 0.91 0.2284 0.2282
0.01863 0.91 0.2286 0.2284
0.019 0.91 0.2288 0.2286
0.01936 0.91 0.229 0.2288
0.01973 0.91 0.2292 0.229
0.02009 0.91 0.2294 0.2292
0.02046 0.91 0.2295 0.2294
0.02082 0.91 0.2297 0.2295
0.02119 0.91 0.2299 0.2297
0.02155 0.91 0.2301 0.2299
0.02192 0.91 0.2302 0.2301
0.02228 0.91 0.2304 0.2302
0.02265 0.91 0.2305 0.2304
0.02302 0.91 0.2307 0.2305
0.02338 0.91 0.2308 0.2307
0.02375 0.91 0.231 0.2308
0.02411 0.91 0.2311 0.231
0.02448 0.91 0.2313 0.2311
0.02484 0.91 0.2314 0.2313
0.02521 0.91 0.2316 0.2314
0.02557 0.91 0.2317 0.2316
0.02594 0.91 0.2318 0.2317
0.0263 0.91 0.2319 0.2318
0.02667 0.91 0.2321 0.232
0.02703 0.91 0.2322 0.2321
0.0274 0.91 0.2324 0.2322
0.02776 0.91 0.2325 0.2324
0.02813 0.91 0.2326 0.2325
0.02849 0.91 0.2327 0.2326
0.02886 0.91 0.2328 0.2327
0.02923 0.91 0.233 0.2329
0.02959 0.91 0.2331 0.233
0.02996 0.91 0.2332 0.2331
0.03032 0.91 0.2333 0.2332
0.03069 0.91 0.2334 0.2333
0.01315 0.92 0.2269 0.2266
0.01352 0.92 0.2272 0.2269
0.01388 0.92 0.2275 0.2272
0.01425 0.92 0.2278 0.2275
0.01461 0.92 0.2281 0.2278
0.01498 0.92 0.2283 0.2281
0.01534 0.92 0.2286 0.2283
0.01571 0.92 0.2288 0.2286
0.01607 0.92 0.229 0.2288
0.01644 0.92 0.2293 0.229
0.01681 0.92 0.2295 0.2293
0.01717 0.92 0.2297 0.2295
0.01754 0.92 0.2299 0.2297
0.0179 0.92 0.2301 0.2299
0.01827 0.92 0.2303 0.2301
0.01863 0.92 0.2305 0.2303
0.019 0.92 0.2307 0.2305
0.01936 0.92 0.2309 0.2307
0.01973 0.92 0.2311 0.2309
0.02009 0.92 0.2313 0.2311
0.02046 0.92 0.2314 0.2313
0.02082 0.92 0.2316 0.2315
0.02119 0.92 0.2318 0.2316
0.02155 0.92 0.232 0.2318
0.02192 0.92 0.2321 0.232
0.02228 0.92 0.2323 0.2321
0.02265 0.92 0.2324 0.2323
0.02302 0.92 0.2326 0.2324
0.02338 0.92 0.2327 0.2326
0.02375 0.92 0.2329 0.2327
0.02411 0.92 0.233 0.2329
0.02448 0.92 0.2332 0.233
0.02484 0.92 0.2333 0.2332
0.02521 0.92 0.2335 0.2333
0.02557 0.92 0.2336 0.2335
0.02594 0.92 0.2338 0.2336
0.0263 0.92 0.2339 0.2338
0.02667 0.92 0.234 0.2339
0.02703 0.92 0.2341 0.234
0.0274 0.92 0.2343 0.2341
0.02776 0.92 0.2344 0.2343
0.02813 0.92 0.2345 0.2344
0.02849 0.92 0.2346 0.2345
0.02886 0.92 0.2348 0.2346
0.02923 0.92 0.2349 0.2348
0.02959 0.92 0.235 0.2349
0.02996 0.92 0.2351 0.235
0.03032 0.92 0.2352 0.2351
0.03069 0.92 0.2353 0.2352
0.01315 0.93 0.2288 0.2285
0.01352 0.93 0.2291 0.2288
0.01388 0.93 0.2294 0.2291
0.01425 0.93 0.2297 0.2294
0.01461 0.93 0.2299 0.2297
0.01498 0.93 0.2302 0.23
0.01534 0.93 0.2304 0.2302
0.01571 0.93 0.2307 0.2305
0.01607 0.93 0.2309 0.2307
0.01644 0.93 0.2311 0.2309
0.0168 0.93 0.2314 0.2311
0.01717 0.93 0.2316 0.2314
0.01754 0.93 0.2318 0.2316
0.0179 0.93 0.232 0.2318
0.01827 0.93 0.2322 0.232
0.01863 0.93 0.2324 0.2322
0.019 0.93 0.2326 0.2324
0.01936 0.93 0.2328 0.2326
0.01973 0.93 0.233 0.2328
0.02009 0.93 0.2332 0.233
0.02046 0.93 0.2334 0.2332
0.02082 0.93 0.2335 0.2334
0.02119 0.93 0.2337 0.2335
0.02155 0.93 0.2339 0.2337
0.02192 0.93 0.234 0.2339
0.02228 0.93 0.2342 0.234
0.02265 0.93 0.2343 0.2342
0.02301 0.93 0.2345 0.2343
0.02338 0.93 0.2346 0.2345
0.02375 0.93 0.2348 0.2347
0.02411 0.93 0.2349 0.2348
0.02448 0.93 0.2351 0.2349
0.02484 0.93 0.2352 0.2351
0.02521 0.93 0.2354 0.2352
0.02557 0.93 0.2355 0.2354
0.02594 0.93 0.2356 0.2355
0.0263 0.93 0.2358 0.2356
0.02667 0.93 0.2359 0.2358
0.02703 0.93 0.236 0.2359
0.0274 0.93 0.2361 0.236
0.02776 0.93 0.2363 0.2361
0.02813 0.93 0.2364 0.2363
0.02849 0.93 0.2365 0.2364
0.02886 0.93 0.2366 0.2365
0.02922 0.93 0.2367 0.2367
0.02959 0.93 0.2369 0.2368
0.02996 0.93 0.237 0.2369
0.03032 0.93 0.2371 0.237
0.03069 0.93 0.2372 0.2371
0.01315 0.94 0.2307 0.2304
0.01352 0.94 0.231 0.2307
0.01388 0.94 0.2313 0.231
0.01425 0.94 0.2316 0.2313
0.01461 0.94 0.2318 0.2316
0.01498 0.94 0.2321 0.2318
0.01534 0.94 0.2323 0.2321
0.01571 0.94 0.2326 0.2324
0.01607 0.94 0.2328 0.2326
0.01644 0.94 0.233 0.2328
0.0168 0.94 0.2333 0.233
0.01717 0.94 0.2335 0.2333
0.01754 0.94 0.2337 0.2335
0.0179 0.94 0.2339 0.2337
0.01827 0.94 0.2341 0.2339
0.01863 0.94 0.2343 0.2341
0.019 0.94 0.2345 0.2343
0.01936 0.94 0.2347 0.2345
0.01973 0.94 0.2349 0.2347
0.02009 0.94 0.235 0.2349
0.02046 0.94 0.2352 0.235
0.02082 0.94 0.2354 0.2352
0.02119 0.94 0.2356 0.2354
0.02155 0.94 0.2357 0.2356
0.02192 0.94 0.2359 0.2357
0.02228 0.94 0.2361 0.2359
0.02265 0.94 0.2362 0.2361
0.02301 0.94 0.2364 0.2362
0.02338 0.94 0.2365 0.2364
0.02375 0.94 0.2367 0.2365
0.02411 0.94 0.2368 0.2367
0.02448 0.94 0.237 0.2368
0.02484 0.94 0.2371 0.237
0.02521 0.94 0.2372 0.2371
0.02557 0.94 0.2374 0.2373
0.02594 0.94 0.2375 0.2374
0.0263 0.94 0.2376 0.2375
0.02667 0.94 0.2378 0.2376
0.02703 0.94 0.2379 0.2378
0.0274 0.94 0.238 0.2379
0.02776 0.94 0.2381 0.238
0.02813 0.94 0.2383 0.2381
0.02849 0.94 0.2384 0.2383
0.02886 0.94 0.2385 0.2384
0.02922 0.94 0.2386 0.2385
0.02959 0.94 0.2387 0.2386
0.02995 0.94 0.2389 0.2387
0.03032 0.94 0.2389 0.2389
0.03069 0.94 0.2391 0.239
0.01315 0.95 0.2325 0.2322
0.01352 0.95 0.2328 0.2326
0.01388 0.95 0.2331 0.2328
0.01425 0.95 0.2334 0.2331
0.01461 0.95 0.2337 0.2334
0.01498 0.95 0.2339 0.2337
0.01534 0.95 0.2342 0.2339
0.01571 0.95 0.2344 0.2342
0.01607 0.95 0.2347 0.2344
0.01644 0.95 0.2349 0.2347
0.0168 0.95 0.2351 0.2349
0.01717 0.95 0.2353 0.2351
0.01753 0.95 0.2355 0.2353
0.0179 0.95 0.2358 0.2355
0.01827 0.95 0.236 0.2358
0.01863 0.95 0.2361 0.236
0.019 0.95 0.2364 0.2362
0.01936 0.95 0.2365 0.2364
0.01973 0.95 0.2367 0.2365
0.02009 0.95 0.2369 0.2367
0.02046 0.95 0.2371 0.2369
0.02082 0.95 0.2373 0.2371
0.02119 0.95 0.2374 0.2373
0.02155 0.95 0.2376 0.2374
0.02192 0.95 0.2377 0.2376
0.02228 0.95 0.2379 0.2378
0.02265 0.95 0.2381 0.2379
0.02301 0.95 0.2382 0.2381
0.02338 0.95 0.2384 0.2382
0.02374 0.95 0.2385 0.2384
0.02411 0.95 0.2387 0.2385
0.02448 0.95 0.2388 0.2387
0.02484 0.95 0.239 0.2388
0.02521 0.95 0.2391 0.239
0.02557 0.95 0.2392 0.2391
0.02594 0.95 0.2394 0.2392
0.0263 0.95 0.2395 0.2394
0.02667 0.95 0.2396 0.2395
0.02703 0.95 0.2397 0.2396
0.0274 0.95 0.2399 0.2398
0.02776 0.95 0.24 0.2399
0.02813 0.95 0.2401 0.24
0.02849 0.95 0.2403 0.2401
0.02886 0.95 0.2404 0.2403
0.02922 0.95 0.2405 0.2404
0.02959 0.95 0.2406 0.2405
0.02995 0.95 0.2407 0.2406
0.03032 0.95 0.2408 0.2407
0.03069 0.95 0.2409 0.2408
0.01315 0.96 0.2344 0.2341
0.01352 0.96 0.2347 0.2344
0.01388 0.96 0.235 0.2347
0.01425 0.96 0.2352 0.235
0.01461 0.96 0.2355 0.2352
0.01498 0.96 0.2358 0.2355
0.01534 0.96 0.236 0.2358
0.01571 0.96 0.2363 0.236
0.01607 0.96 0.2365 0.2363
0.01644 0.96 0.2367 0.2365
0.0168 0.96 0.2369 0.2367
0.01717 0.96 0.2372 0.237
0.01753 0.96 0.2374 0.2372
0.0179 0.96 0.2376 0.2374
0.01827 0.96 0.2378 0.2376
0.01863 0.96 0.238 0.2378
0.019 0.96 0.2382 0.238
0.01936 0.96 0.2384 0.2382
0.01973 0.96 0.2386 0.2384
0.02009 0.96 0.2387 0.2386
0.02046 0.96 0.2389 0.2387
0.02082 0.96 0.2391 0.2389
0.02119 0.96 0.2393 0.2391
0.02155 0.96 0.2394 0.2393
0.02192 0.96 0.2396 0.2394
0.02228 0.96 0.2398 0.2396
0.02265 0.96 0.2399 0.2398
0.02301 0.96 0.2401 0.2399
0.02338 0.96 0.2402 0.2401
0.02374 0.96 0.2404 0.2402
0.02411 0.96 0.2405 0.2404
0.02448 0.96 0.2407 0.2405
0.02484 0.96 0.2408 0.2407
0.02521 0.96 0.2409 0.2408
0.02557 0.96 0.2411 0.2409
0.02594 0.96 0.2412 0.2411
0.0263 0.96 0.2414 0.2412
0.02667 0.96 0.2415 0.2414
0.02703 0.96 0.2416 0.2415
0.0274 0.96 0.2417 0.2416
0.02776 0.96 0.2418 0.2417
0.02813 0.96 0.242 0.2418
0.02849 0.96 0.2421 0.242
0.02886 0.96 0.2422 0.2421
0.02922 0.96 0.2423 0.2422
0.02959 0.96 0.2424 0.2423
0.02995 0.96 0.2425 0.2424
0.03032 0.96 0.2427 0.2426
0.03068 0.96 0.2428 0.2427
0.01315 0.97 0.2362 0.2359
0.01352 0.97 0.2365 0.2362
0.01388 0.97 0.2368 0.2365
0.01425 0.97 0.2371 0.2368
0.01461 0.97 0.2373 0.2371
0.01498 0.97 0.2376 0.2373
0.01534 0.97 0.2378 0.2376
0.01571 0.97 0.2381 0.2379
0.01607 0.97 0.2383 0.2381
0.01644 0.97 0.2386 0.2383
0.0168 0.97 0.2388 0.2386
0.01717 0.97 0.239 0.2388
0.01753 0.97 0.2392 0.239
0.0179 0.97 0.2394 0.2392
0.01827 0.97 0.2396 0.2394
0.01863 0.97 0.2398 0.2396
0.019 0.97 0.24 0.2398
0.01936 0.97 0.2402 0.24
0.01973 0.97 0.2404 0.2402
0.02009 0.97 0.2406 0.2404
0.02046 0.97 0.2407 0.2406
0.02082 0.97 0.2409 0.2407
0.02119 0.97 0.2411 0.2409
0.02155 0.97 0.2412 0.2411
0.02192 0.97 0.2414 0.2413
0.02228 0.97 0.2416 0.2414
0.02265 0.97 0.2417 0.2416
0.02301 0.97 0.2419 0.2417
0.02338 0.97 0.242 0.2419
0.02374 0.97 0.2422 0.242
0.02411 0.97 0.2423 0.2422
0.02447 0.97 0.2425 0.2423
0.02484 0.97 0.2426 0.2425
0.02521 0.97 0.2427 0.2426
0.02557 0.97 0.2429 0.2428
0.02594 0.97 0.243 0.2429
0.0263 0.97 0.2432 0.243
0.02667 0.97 0.2433 0.2432
0.02703 0.97 0.2434 0.2433
0.0274 0.97 0.2435 0.2434
0.02776 0.97 0.2437 0.2435
0.02813 0.97 0.2438 0.2437
0.02849 0.97 0.2439 0.2438
0.02886 0.97 0.244 0.2439
0.02922 0.97 0.2442 0.244
0.02959 0.97 0.2443 0.2442
0.02995 0.97 0.2444 0.2443
0.03032 0.97 0.2445 0.2444
0.03068 0.97 0.2446 0.2445
0.01315 0.98 0.238 0.2377
0.01352 0.98 0.2383 0.238
0.01388 0.98 0.2386 0.2383
0.01425 0.98 0.2389 0.2386
0.01461 0.98 0.2392 0.2389
0.01498 0.98 0.2394 0.2392
0.01534 0.98 0.2397 0.2394
0.01571 0.98 0.2399 0.2397
0.01607 0.98 0.2401 0.2399
0.01644 0.98 0.2404 0.2401
0.0168 0.98 0.2406 0.2404
0.01717 0.98 0.2408 0.2406
0.01753 0.98 0.241 0.2408
0.0179 0.98 0.2412 0.241
0.01826 0.98 0.2414 0.2412
0.01863 0.98 0.2416 0.2414
0.019 0.98 0.2418 0.2416
0.01936 0.98 0.242 0.2418
0.01973 0.98 0.2422 0.242
0.02009 0.98 0.2424 0.2422
0.02046 0.98 0.2425 0.2424
0.02082 0.98 0.2427 0.2426
0.02119 0.98 0.2429 0.2427
0.02155 0.98 0.2431 0.2429
0.02192 0.98 0.2432 0.2431
0.02228 0.98 0.2434 0.2432
0.02265 0.98 0.2435 0.2434
0.02301 0.98 0.2437 0.2435
0.02338 0.98 0.2438 0.2437
0.02374 0.98 0.244 0.2438
0.02411 0.98 0.2441 0.244
0.02447 0.98 0.2443 0.2441
0.02484 0.98 0.2444 0.2443
0.0252 0.98 0.2445 0.2444
0.02557 0.98 0.2447 0.2446
0.02594 0.98 0.2448 0.2447
0.0263 0.98 0.245 0.2448
0.02667 0.98 0.2451 0.245
0.02703 0.98 0.2452 0.2451
0.0274 0.98 0.2453 0.2452
0.02776 0.98 0.2455 0.2453
0.02813 0.98 0.2456 0.2455
0.02849 0.98 0.2457 0.2456
0.02886 0.98 0.2458 0.2457
0.02922 0.98 0.2459 0.2458
0.02959 0.98 0.2461 0.2459
0.02995 0.98 0.2462 0.2461
0.03032 0.98 0.2463 0.2462
0.03068 0.98 0.2464 0.2463
0.01315 0.99 0.2398 0.2395
0.01352 0.99 0.2401 0.2398
0.01388 0.99 0.2404 0.2401
0.01425 0.99 0.2407 0.2404
0.01461 0.99 0.2409 0.2407
0.01498 0.99 0.2412 0.2409
0.01534 0.99 0.2415 0.2412
0.01571 0.99 0.2417 0.2415
0.01607 0.99 0.2419 0.2417
0.01644 0.99 0.2422 0.242
0.0168 0.99 0.2424 0.2422
0.01717 0.99 0.2426 0.2424
0.01753 0.99 0.2428 0.2426
0.0179 0.99 0.243 0.2428
0.01826 0.99 0.2432 0.243
0.01863 0.99 0.2434 0.2432
0.019 0.99 0.2436 0.2434
0.01936 0.99 0.2438 0.2436
0.01973 0.99 0.244 0.2438
0.02009 0.99 0.2442 0.244
0.02046 0.99 0.2443 0.2442
0.02082 0.99 0.2445 0.2443
0.02119 0.99 0.2447 0.2445
0.02155 0.99 0.2449 0.2447
0.02192 0.99 0.245 0.2449
0.02228 0.99 0.2452 0.245
0.02265 0.99 0.2453 0.2452
0.02301 0.99 0.2455 0.2453
0.02338 0.99 0.2456 0.2455
0.02374 0.99 0.2458 0.2456
0.02411 0.99 0.2459 0.2458
0.02447 0.99 0.2461 0.2459
0.02484 0.99 0.2462 0.2461
0.0252 0.99 0.2464 0.2462
0.02557 0.99 0.2465 0.2464
0.02594 0.99 0.2466 0.2465
0.0263 0.99 0.2468 0.2466
0.02667 0.99 0.2469 0.2468
0.02703 0.99 0.247 0.2469
0.0274 0.99 0.2471 0.247
0.02776 0.99 0.2473 0.2471
0.02813 0.99 0.2474 0.2473
0.02849 0.99 0.2475 0.2474
0.02886 0.99 0.2476 0.2475
0.02922 0.99 0.2477 0.2476
0.02959 0.99 0.2478 0.2477
0.02995 0.99 0.248 0.2478
0.03032 0.99 0.2481 0.248
0.03068 0.99 0.2482 0.2481
0.01315 1.0 0.2416 0.2413
0.01352 1.0 0.2419 0.2416
0.01388 1.0 0.2422 0.2419
0.01425 1.0 0.2424 0.2422
0.01461 1.0 0.2427 0.2424
0.01498 1.0 0.243 0.2427
0.01534 1.0 0.2432 0.243
0.01571 1.0 0.2435 0.2432
0.01607 1.0 0.2437 0.2435
0.01644 1.0 0.2439 0.2437
0.0168 1.0 0.2442 0.2439
0.01717 1.0 0.2444 0.2442
0.01753 1.0 0.2446 0.2444
0.0179 1.0 0.2448 0.2446
0.01826 1.0 0.245 0.2448
0.01863 1.0 0.2452 0.245
0.01899 1.0 0.2454 0.2452
0.01936 1.0 0.2456 0.2454
0.01973 1.0 0.2458 0.2456
0.02009 1.0 0.2459 0.2458
0.02046 1.0 0.2461 0.2459
0.02082 1.0 0.2463 0.2461
0.02119 1.0 0.2465 0.2463
0.02155 1.0 0.2466 0.2465
0.02192 1.0 0.2468 0.2466
0.02228 1.0 0.2469 0.2468
0.02265 1.0 0.2471 0.2469
0.02301 1.0 0.2472 0.2471
0.02338 1.0 0.2474 0.2472
0.02374 1.0 0.2475 0.2474
0.02411 1.0 0.2477 0.2476
0.02447 1.0 0.2478 0.2477
0.02484 1.0 0.248 0.2478
0.0252 1.0 0.2481 0.248
0.02557 1.0 0.2483 0.2481
0.02593 1.0 0.2484 0.2483
0.0263 1.0 0.2485 0.2484
0.02667 1.0 0.2487 0.2485
0.02703 1.0 0.2488 0.2487
0.0274 1.0 0.2489 0.2488
0.02776 1.0 0.249 0.2489
0.02813 1.0 0.2492 0.249
0.02849 1.0 0.2493 0.2492
0.02886 1.0 0.2494 0.2493
0.02922 1.0 0.2495 0.2494
0.02959 1.0 0.2496 0.2495
0.02995 1.0 0.2497 0.2496
0.03032 1.0 0.2498 0.2497
0.03068 1.0 0.25 0.2499
0.01315 1.0 0.2433 0.243
0.01352 1.0 0.2436 0.2434
0.01388 1.0 0.2439 0.2436
0.01425 1.0 0.2442 0.2439
0.01461 1.0 0.2445 0.2442
0.01498 1.0 0.2447 0.2445
0.01534 1.0 0.245 0.2447
0.01571 1.0 0.2452 0.245
0.01607 1.0 0.2455 0.2452
0.01644 1.0 0.2457 0.2455
0.0168 1.0 0.2459 0.2457
0.01717 1.0 0.2461 0.2459
0.01753 1.0 0.2464 0.2461
0.0179 1.0 0.2465 0.2464
0.01826 1.0 0.2467 0.2465
0.01863 1.0 0.2469 0.2467
0.01899 1.0 0.2471 0.2469
0.01936 1.0 0.2473 0.2471
0.01973 1.0 0.2475 0.2473
0.02009 1.0 0.2477 0.2475
0.02046 1.0 0.2479 0.2477
0.02082 1.0 0.248 0.2479
0.02119 1.0 0.2482 0.2481
0.02155 1.0 0.2484 0.2482
0.02192 1.0 0.2485 0.2484
0.02228 1.0 0.2487 0.2485
0.02265 1.0 0.2489 0.2487
0.02301 1.0 0.249 0.2489
0.02338 1.0 0.2492 0.249
0.02374 1.0 0.2493 0.2492
0.02411 1.0 0.2495 0.2493
0.02447 1.0 0.2496 0.2495
0.02484 1.0 0.2497 0.2496
0.0252 1.0 0.2499 0.2497
0.02557 1.0 0.25 0.2499
0.02593 1.0 0.2501 0.25
0.0263 1.0 0.2503 0.2501
0.02666 1.0 0.2504 0.2503
0.02703 1.0 0.2505 0.2504
0.0274 1.0 0.2506 0.2505
0.02776 1.0 0.2508 0.2507
0.02813 1.0 0.2509 0.2508
0.02849 1.0 0.251 0.2509
0.02886 1.0 0.2511 0.251
0.02922 1.0 0.2512 0.2511
0.02959 1.0 0.2514 0.2513
0.02995 1.0 0.2515 0.2514
0.03032 1.0 0.2516 0.2515
0.03068 1.0 0.2517 0.2516
0.01315 1.0 0.2451 0.2448
0.01352 1.0 0.2454 0.2451
0.01388 1.0 0.2457 0.2454
0.01425 1.0 0.2459 0.2457
0.01461 1.0 0.2462 0.2459
0.01498 1.0 0.2465 0.2462
0.01534 1.0 0.2467 0.2465
0.01571 1.0 0.247 0.2467
0.01607 1.0 0.2472 0.247
0.01644 1.0 0.2474 0.2472
0.0168 1.0 0.2477 0.2474
0.01717 1.0 0.2479 0.2477
0.01753 1.0 0.2481 0.2479
0.0179 1.0 0.2483 0.2481
0.01826 1.0 0.2485 0.2483
0.01863 1.0 0.2487 0.2485
0.01899 1.0 0.2489 0.2487
0.01936 1.0 0.2491 0.2489
0.01972 1.0 0.2493 0.2491
0.02009 1.0 0.2494 0.2493
0.02046 1.0 0.2496 0.2494
0.02082 1.0 0.2498 0.2496
0.02119 1.0 0.25 0.2498
0.02155 1.0 0.2501 0.25
0.02192 1.0 0.2503 0.2501
0.02228 1.0 0.2505 0.2503
0.02265 1.0 0.2506 0.2505
0.02301 1.0 0.2508 0.2506
0.02338 1.0 0.2509 0.2508
0.02374 1.0 0.251 0.2509
0.02411 1.0 0.2512 0.2511
0.02447 1.0 0.2513 0.2512
0.02484 1.0 0.2515 0.2513
0.0252 1.0 0.2516 0.2515
0.02557 1.0 0.2517 0.2516
0.02593 1.0 0.2519 0.2517
0.0263 1.0 0.252 0.2519
0.02666 1.0 0.2521 0.252
0.02703 1.0 0.2523 0.2522
0.0274 1.0 0.2524 0.2523
0.02776 1.0 0.2525 0.2524
0.02813 1.0 0.2526 0.2525
0.02849 1.0 0.2528 0.2526
0.02886 1.0 0.2529 0.2528
0.02922 1.0 0.253 0.2529
0.02959 1.0 0.2531 0.253
0.02995 1.0 0.2532 0.2531
0.03032 1.0 0.2533 0.2532
0.03068 1.0 0.2535 0.2533
0.01315 1.0 0.2468 0.2465
0.01352 1.0 0.2471 0.2468
0.01388 1.0 0.2474 0.2471
0.01425 1.0 0.2477 0.2474
0.01461 1.0 0.2479 0.2477
0.01498 1.0 0.2482 0.2479
0.01534 1.0 0.2484 0.2482
0.01571 1.0 0.2487 0.2485
0.01607 1.0 0.2489 0.2487
0.01644 1.0 0.2492 0.2489
0.0168 1.0 0.2494 0.2492
0.01717 1.0 0.2496 0.2494
0.01753 1.0 0.2498 0.2496
0.0179 1.0 0.25 0.2498
0.01826 1.0 0.2502 0.25
0.01863 1.0 0.2504 0.2502
0.01899 1.0 0.2506 0.2504
0.01936 1.0 0.2508 0.2506
0.01972 1.0 0.251 0.2508
0.02009 1.0 0.2512 0.251
0.02046 1.0 0.2514 0.2512
0.02082 1.0 0.2515 0.2514
0.02119 1.0 0.2517 0.2515
0.02155 1.0 0.2519 0.2517
0.02192 1.0 0.252 0.2519
0.02228 1.0 0.2522 0.252
0.02265 1.0 0.2523 0.2522
0.02301 1.0 0.2525 0.2523
0.02338 1.0 0.2526 0.2525
0.02374 1.0 0.2528 0.2526
0.02411 1.0 0.2529 0.2528
0.02447 1.0 0.2531 0.2529
0.02484 1.0 0.2532 0.2531
0.0252 1.0 0.2534 0.2532
0.02557 1.0 0.2535 0.2534
0.02593 1.0 0.2536 0.2535
0.0263 1.0 0.2537 0.2536
0.02666 1.0 0.2539 0.2537
0.02703 1.0 0.254 0.2539
0.02739 1.0 0.2541 0.254
0.02776 1.0 0.2542 0.2541
0.02813 1.0 0.2544 0.2543
0.02849 1.0 0.2545 0.2544
0.02886 1.0 0.2546 0.2545
0.02922 1.0 0.2547 0.2546
0.02959 1.0 0.2548 0.2547
0.02995 1.0 0.2549 0.2548
0.03032 1.0 0.255 0.2549
0.03068 1.0 0.2552 0.2551
0.01315 1.0 0.2485 0.2482
0.01352 1.0 0.2488 0.2486
0.01388 1.0 0.2491 0.2488
0.01425 1.0 0.2494 0.2491
0.01461 1.0 0.2496 0.2494
0.01498 1.0 0.2499 0.2497
0.01534 1.0 0.2502 0.2499
0.01571 1.0 0.2504 0.2502
0.01607 1.0 0.2506 0.2504
0.01644 1.0 0.2509 0.2507
0.0168 1.0 0.2511 0.2509
0.01717 1.0 0.2513 0.2511
0.01753 1.0 0.2515 0.2513
0.0179 1.0 0.2517 0.2515
0.01826 1.0 0.2519 0.2517
0.01863 1.0 0.2521 0.2519
0.01899 1.0 0.2523 0.2521
0.01936 1.0 0.2525 0.2523
0.01972 1.0 0.2527 0.2525
0.02009 1.0 0.2529 0.2527
0.02045 1.0 0.2531 0.2529
0.02082 1.0 0.2532 0.2531
0.02119 1.0 0.2534 0.2532
0.02155 1.0 0.2535 0.2534
0.02192 1.0 0.2537 0.2536
0.02228 1.0 0.2539 0.2537
0.02265 1.0 0.254 0.2539
0.02301 1.0 0.2542 0.254
0.02338 1.0 0.2543 0.2542
0.02374 1.0 0.2545 0.2543
0.02411 1.0 0.2546 0.2545
0.02447 1.0 0.2548 0.2546
0.02484 1.0 0.2549 0.2548
0.0252 1.0 0.255 0.2549
0.02557 1.0 0.2552 0.2551
0.02593 1.0 0.2553 0.2552
0.0263 1.0 0.2554 0.2553
0.02666 1.0 0.2556 0.2554
0.02703 1.0 0.2557 0.2556
0.02739 1.0 0.2558 0.2557
0.02776 1.0 0.256 0.2558
0.02812 1.0 0.2561 0.256
0.02849 1.0 0.2562 0.2561
0.02886 1.0 0.2563 0.2562
0.02922 1.0 0.2564 0.2563
0.02959 1.0 0.2566 0.2564
0.02995 1.0 0.2566 0.2566
0.03032 1.0 0.2568 0.2567
0.03068 1.0 0.2569 0.2568
0.01315 1.1 0.2502 0.2499
0.01352 1.1 0.2505 0.2502
0.01388 1.1 0.2508 0.2505
0.01425 1.1 0.2511 0.2508
0.01461 1.1 0.2513 0.2511
0.01498 1.1 0.2516 0.2514
0.01534 1.1 0.2519 0.2516
0.01571 1.1 0.2521 0.2519
0.01607 1.1 0.2523 0.2521
0.01644 1.1 0.2526 0.2524
0.0168 1.1 0.2528 0.2526
0.01717 1.1 0.253 0.2528
0.01753 1.1 0.2532 0.253
0.0179 1.1 0.2534 0.2532
0.01826 1.1 0.2536 0.2534
0.01863 1.1 0.2538 0.2536
0.01899 1.1 0.254 0.2538
0.01936 1.1 0.2542 0.254
0.01972 1.1 0.2544 0.2542
0.02009 1.1 0.2546 0.2544
0.02045 1.1 0.2547 0.2546
0.02082 1.1 0.2549 0.2548
0.02119 1.1 0.2551 0.2549
0.02155 1.1 0.2552 0.2551
0.02192 1.1 0.2554 0.2553
0.02228 1.1 0.2556 0.2554
0.02265 1.1 0.2557 0.2556
0.02301 1.1 0.2559 0.2557
0.02338 1.1 0.256 0.2559
0.02374 1.1 0.2562 0.256
0.02411 1.1 0.2563 0.2562
0.02447 1.1 0.2565 0.2563
0.02484 1.1 0.2566 0.2565
0.0252 1.1 0.2567 0.2566
0.02557 1.1 0.2569 0.2567
0.02593 1.1 0.257 0.2569
0.0263 1.1 0.2571 0.257
0.02666 1.1 0.2572 0.2571
0.02703 1.1 0.2574 0.2573
0.02739 1.1 0.2575 0.2574
0.02776 1.1 0.2576 0.2575
0.02812 1.1 0.2578 0.2576
0.02849 1.1 0.2579 0.2578
0.02886 1.1 0.258 0.2579
0.02922 1.1 0.2581 0.258
0.02959 1.1 0.2582 0.2581
0.02995 1.1 0.2583 0.2582
0.03032 1.1 0.2585 0.2583
0.03068 1.1 0.2586 0.2585
0.01315 1.1 0.2519 0.2516
0.01351 1.1 0.2522 0.2519
0.01388 1.1 0.2525 0.2522
0.01425 1.1 0.2527 0.2525
0.01461 1.1 0.253 0.2527
0.01498 1.1 0.2533 0.253
0.01534 1.1 0.2535 0.2533
0.01571 1.1 0.2538 0.2536
0.01607 1.1 0.254 0.2538
0.01644 1.1 0.2542 0.254
0.0168 1.1 0.2545 0.2542
0.01717 1.1 0.2547 0.2545
0.01753 1.1 0.2549 0.2547
0.0179 1.1 0.2551 0.2549
0.01826 1.1 0.2553 0.2551
0.01863 1.1 0.2555 0.2553
0.01899 1.1 0.2557 0.2555
0.01936 1.1 0.2559 0.2557
0.01972 1.1 0.2561 0.2559
0.02009 1.1 0.2562 0.2561
0.02045 1.1 0.2564 0.2562
0.02082 1.1 0.2566 0.2564
0.02118 1.1 0.2568 0.2566
0.02155 1.1 0.2569 0.2568
0.02192 1.1 0.2571 0.2569
0.02228 1.1 0.2572 0.2571
0.02265 1.1 0.2574 0.2573
0.02301 1.1 0.2576 0.2574
0.02338 1.1 0.2577 0.2576
0.02374 1.1 0.2579 0.2577
0.02411 1.1 0.258 0.2579
0.02447 1.1 0.2581 0.258
0.02484 1.1 0.2583 0.2581
0.0252 1.1 0.2584 0.2583
0.02557 1.1 0.2586 0.2584
0.02593 1.1 0.2587 0.2586
0.0263 1.1 0.2588 0.2587
0.02666 1.1 0.259 0.2588
0.02703 1.1 0.2591 0.259
0.02739 1.1 0.2592 0.2591
0.02776 1.1 0.2593 0.2592
0.02812 1.1 0.2594 0.2593
0.02849 1.1 0.2595 0.2594
0.02885 1.1 0.2597 0.2595
0.02922 1.1 0.2598 0.2597
0.02959 1.1 0.2599 0.2598
0.02995 1.1 0.26 0.2599
0.03032 1.1 0.2601 0.26
0.03068 1.1 0.2602 0.2601
0.01315 1.1 0.2536 0.2532
0.01351 1.1 0.2539 0.2536
0.01388 1.1 0.2541 0.2539
0.01425 1.1 0.2544 0.2542
0.01461 1.1 0.2547 0.2544
0.01498 1.1 0.2549 0.2547
0.01534 1.1 0.2552 0.2549
0.01571 1.1 0.2555 0.2552
0.01607 1.1 0.2557 0.2555
0.01644 1.1 0.2559 0.2557
0.0168 1.1 0.2561 0.2559
0.01717 1.1 0.2564 0.2561
0.01753 1.1 0.2566 0.2564
0.0179 1.1 0.2568 0.2566
0.01826 1.1 0.257 0.2568
0.01863 1.1 0.2572 0.257
0.01899 1.1 0.2574 0.2572
0.01936 1.1 0.2575 0.2574
0.01972 1.1 0.2577 0.2575
0.02009 1.1 0.2579 0.2577
0.02045 1.1 0.2581 0.2579
0.02082 1.1 0.2583 0.2581
0.02118 1.1 0.2584 0.2583
0.02155 1.1 0.2586 0.2584
0.02192 1.1 0.2588 0.2586
0.02228 1.1 0.2589 0.2588
0.02265 1.1 0.2591 0.2589
0.02301 1.1 0.2592 0.2591
0.02338 1.1 0.2594 0.2592
0.02374 1.1 0.2595 0.2594
0.02411 1.1 0.2597 0.2595
0.02447 1.1 0.2598 0.2597
0.02484 1.1 0.26 0.2598
0.0252 1.1 0.2601 0.26
0.02557 1.1 0.2602 0.2601
0.02593 1.1 0.2604 0.2602
0.0263 1.1 0.2605 0.2604
0.02666 1.1 0.2606 0.2605
0.02703 1.1 0.2607 0.2606
0.02739 1.1 0.2609 0.2607
0.02776 1.1 0.261 0.2609
0.02812 1.1 0.2611 0.261
0.02849 1.1 0.2612 0.2611
0.02885 1.1 0.2613 0.2612
0.02922 1.1 0.2615 0.2613
0.02958 1.1 0.2616 0.2615
0.02995 1.1 0.2617 0.2616
0.03032 1.1 0.2618 0.2617
0.03068 1.1 0.2619 0.2618
0.01315 1.1 0.2552 0.2549
0.01351 1.1 0.2555 0.2552
0.01388 1.1 0.2558 0.2555
0.01425 1.1 0.2561 0.2558
0.01461 1.1 0.2564 0.2561
0.01498 1.1 0.2566 0.2564
0.01534 1.1 0.2569 0.2566
0.01571 1.1 0.2571 0.2569
0.01607 1.1 0.2573 0.2571
0.01644 1.1 0.2576 0.2573
0.0168 1.1 0.2578 0.2576
0.01717 1.1 0.258 0.2578
0.01753 1.1 0.2582 0.258
0.0179 1.1 0.2584 0.2582
0.01826 1.1 0.2586 0.2584
0.01863 1.1 0.2588 0.2586
0.01899 1.1 0.259 0.2588
0.01936 1.1 0.2592 0.259
0.01972 1.1 0.2594 0.2592
0.02009 1.1 0.2596 0.2594
0.02045 1.1 0.2597 0.2596
0.02082 1.1 0.2599 0.2597
0.02118 1.1 0.2601 0.2599
0.02155 1.1 0.2602 0.2601
0.02191 1.1 0.2604 0.2602
0.02228 1.1 0.2606 0.2604
0.02265 1.1 0.2607 0.2606
0.02301 1.1 0.2609 0.2607
0.02338 1.1 0.261 0.2609
0.02374 1.1 0.2612 0.261
0.02411 1.1 0.2613 0.2612
0.02447 1.1 0.2615 0.2613
0.02484 1.1 0.2616 0.2615
0.0252 1.1 0.2617 0.2616
0.02557 1.1 0.2619 0.2617
0.02593 1.1 0.262 0.2619
0.0263 1.1 0.2621 0.262
0.02666 1.1 0.2622 0.2621
0.02703 1.1 0.2624 0.2623
0.02739 1.1 0.2625 0.2624
0.02776 1.1 0.2626 0.2625
0.02812 1.1 0.2627 0.2626
0.02849 1.1 0.2629 0.2627
0.02885 1.1 0.263 0.2629
0.02922 1.1 0.2631 0.263
0.02958 1.1 0.2632 0.2631
0.02995 1.1 0.2633 0.2632
0.03031 1.1 0.2634 0.2633
0.03068 1.1 0.2636 0.2634
0.01315 1.1 0.2568 0.2565
0.01351 1.1 0.2571 0.2568
0.01388 1.1 0.2574 0.2571
0.01424 1.1 0.2577 0.2574
0.01461 1.1 0.258 0.2577
0.01498 1.1 0.2582 0.258
0.01534 1.1 0.2585 0.2582
0.01571 1.1 0.2587 0.2585
0.01607 1.1 0.259 0.2587
0.01644 1.1 0.2592 0.259
0.0168 1.1 0.2595 0.2592
0.01717 1.1 0.2596 0.2595
0.01753 1.1 0.2599 0.2596
0.0179 1.1 0.2601 0.2599
0.01826 1.1 0.2603 0.2601
0.01863 1.1 0.2605 0.2603
0.01899 1.1 0.2607 0.2605
0.01936 1.1 0.2608 0.2607
0.01972 1.1 0.261 0.2608
0.02009 1.1 0.2612 0.261
0.02045 1.1 0.2614 0.2612
0.02082 1.1 0.2616 0.2614
0.02118 1.1 0.2617 0.2616
0.02155 1.1 0.2619 0.2617
0.02191 1.1 0.262 0.2619
0.02228 1.1 0.2622 0.262
0.02265 1.1 0.2624 0.2622
0.02301 1.1 0.2625 0.2624
0.02338 1.1 0.2627 0.2625
0.02374 1.1 0.2628 0.2627
0.02411 1.1 0.2629 0.2628
0.02447 1.1 0.2631 0.2629
0.02484 1.1 0.2632 0.2631
0.0252 1.1 0.2633 0.2632
0.02557 1.1 0.2635 0.2633
0.02593 1.1 0.2636 0.2635
0.0263 1.1 0.2638 0.2636
0.02666 1.1 0.2639 0.2638
0.02703 1.1 0.264 0.2639
0.02739 1.1 0.2641 0.264
0.02776 1.1 0.2643 0.2641
0.02812 1.1 0.2644 0.2643
0.02849 1.1 0.2645 0.2644
0.02885 1.1 0.2646 0.2645
0.02922 1.1 0.2647 0.2646
0.02958 1.1 0.2648 0.2647
0.02995 1.1 0.265 0.2648
0.03031 1.1 0.2651 0.265
0.03068 1.1 0.2652 0.2651
0.01315 1.1 0.2585 0.2582
0.01351 1.1 0.2588 0.2585
0.01388 1.1 0.2591 0.2588
0.01424 1.1 0.2593 0.2591
0.01461 1.1 0.2596 0.2593
0.01498 1.1 0.2599 0.2596
0.01534 1.1 0.2601 0.2599
0.01571 1.1 0.2603 0.2601
0.01607 1.1 0.2606 0.2603
0.01644 1.1 0.2608 0.2606
0.0168 1.1 0.2611 0.2608
0.01717 1.1 0.2613 0.2611
0.01753 1.1 0.2615 0.2613
0.0179 1.1 0.2617 0.2615
0.01826 1.1 0.2619 0.2617
0.01863 1.1 0.2621 0.2619
0.01899 1.1 0.2623 0.2621
0.01936 1.1 0.2625 0.2623
0.01972 1.1 0.2626 0.2625
0.02009 1.1 0.2628 0.2626
0.02045 1.1 0.263 0.2628
0.02082 1.1 0.2632 0.263
0.02118 1.1 0.2633 0.2632
0.02155 1.1 0.2635 0.2634
0.02191 1.1 0.2637 0.2635
0.02228 1.1 0.2638 0.2637
0.02264 1.1 0.264 0.2638
0.02301 1.1 0.2641 0.264
0.02338 1.1 0.2643 0.2641
0.02374 1.1 0.2644 0.2643
0.02411 1.1 0.2646 0.2644
0.02447 1.1 0.2647 0.2646
0.02484 1.1 0.2648 0.2647
0.0252 1.1 0.265 0.2648
0.02557 1.1 0.2651 0.265
0.02593 1.1 0.2653 0.2651
0.0263 1.1 0.2654 0.2653
0.02666 1.1 0.2655 0.2654
0.02703 1.1 0.2656 0.2655
0.02739 1.1 0.2657 0.2656
0.02776 1.1 0.2659 0.2657
0.02812 1.1 0.266 0.2659
0.02849 1.1 0.2661 0.266
0.02885 1.1 0.2662 0.2661
0.02922 1.1 0.2663 0.2662
0.02958 1.1 0.2665 0.2663
0.02995 1.1 0.2666 0.2665
0.03031 1.1 0.2667 0.2666
0.03068 1.1 0.2668 0.2667
0.01315 1.1 0.2617 0.2614
0.01351 1.1 0.262 0.2617
0.01388 1.1 0.2623 0.262
0.01424 1.1 0.2625 0.2623
0.01461 1.1 0.2628 0.2625
0.01497 1.1 0.2631 0.2628
0.01534 1.1 0.2633 0.2631
0.01571 1.1 0.2636 0.2633
0.01607 1.1 0.2638 0.2636
0.01644 1.1 0.264 0.2638
0.0168 1.1 0.2642 0.264
0.01717 1.1 0.2645 0.2643
0.01753 1.1 0.2647 0.2645
0.0179 1.1 0.2649 0.2647
0.01826 1.1 0.2651 0.2649
0.01863 1.1 0.2653 0.2651
0.01899 1.1 0.2655 0.2653
0.01936 1.1 0.2657 0.2655
0.01972 1.1 0.2658 0.2657
0.02009 1.1 0.266 0.2658
0.02045 1.1 0.2662 0.266
0.02082 1.1 0.2664 0.2662
0.02118 1.1 0.2665 0.2664
0.02155 1.1 0.2667 0.2665
0.02191 1.1 0.2669 0.2667
0.02228 1.1 0.267 0.2669
0.02264 1.1 0.2672 0.267
0.02301 1.1 0.2673 0.2672
0.02337 1.1 0.2675 0.2673
0.02374 1.1 0.2676 0.2675
0.02411 1.1 0.2678 0.2676
0.02447 1.1 0.2679 0.2678
0.02484 1.1 0.268 0.2679
0.0252 1.1 0.2682 0.268
0.02557 1.1 0.2683 0.2682
0.02593 1.1 0.2685 0.2683
0.0263 1.1 0.2686 0.2685
0.02666 1.1 0.2687 0.2686
0.02703 1.1 0.2688 0.2687
0.02739 1.1 0.269 0.2688
0.02776 1.1 0.2691 0.269
0.02812 1.1 0.2692 0.2691
0.02849 1.1 0.2693 0.2692
0.02885 1.1 0.2694 0.2693
0.02922 1.1 0.2695 0.2694
0.02958 1.1 0.2697 0.2695
0.02995 1.1 0.2698 0.2697
0.03031 1.1 0.2699 0.2698
0.03068 1.1 0.27 0.2699
0.01315 1.1 0.2648 0.2645
0.01351 1.1 0.2651 0.2648
0.01388 1.1 0.2654 0.2651
0.01424 1.1 0.2657 0.2654
0.01461 1.1 0.266 0.2657
0.01497 1.1 0.2662 0.266
0.01534 1.1 0.2665 0.2662
0.0157 1.1 0.2667 0.2665
0.01607 1.1 0.2669 0.2667
0.01644 1.1 0.2672 0.267
0.0168 1.1 0.2674 0.2672
0.01717 1.1 0.2676 0.2674
0.01753 1.1 0.2678 0.2676
0.0179 1.1 0.2681 0.2678
0.01826 1.1 0.2682 0.2681
0.01863 1.1 0.2684 0.2683
0.01899 1.1 0.2686 0.2684
0.01936 1.1 0.2688 0.2686
0.01972 1.1 0.269 0.2688
0.02009 1.1 0.2692 0.269
0.02045 1.1 0.2693 0.2692
0.02082 1.1 0.2695 0.2694
0.02118 1.1 0.2697 0.2695
0.02155 1.1 0.2699 0.2697
0.02191 1.1 0.27 0.2699
0.02228 1.1 0.2702 0.27
0.02264 1.1 0.2703 0.2702
0.02301 1.1 0.2705 0.2703
0.02337 1.1 0.2706 0.2705
0.02374 1.1 0.2708 0.2706
0.0241 1.1 0.2709 0.2708
0.02447 1.1 0.2711 0.2709
0.02483 1.1 0.2712 0.2711
0.0252 1.1 0.2713 0.2712
0.02557 1.1 0.2715 0.2713
0.02593 1.1 0.2716 0.2715
0.0263 1.1 0.2717 0.2716
0.02666 1.1 0.2718 0.2717
0.02703 1.1 0.272 0.2718
0.02739 1.1 0.2721 0.272
0.02776 1.1 0.2722 0.2721
0.02812 1.1 0.2723 0.2722
0.02849 1.1 0.2725 0.2723
0.02885 1.1 0.2726 0.2725
0.02922 1.1 0.2727 0.2726
0.02958 1.1 0.2728 0.2727
0.02995 1.1 0.2729 0.2728
0.03031 1.1 0.273 0.2729
0.03068 1.1 0.2731 0.273
0.01315 1.2 0.2694 0.2691
0.01351 1.2 0.2697 0.2694
0.01388 1.2 0.27 0.2697
0.01424 1.2 0.2703 0.27
0.01461 1.2 0.2706 0.2703
0.01497 1.2 0.2708 0.2706
0.01534 1.2 0.2711 0.2708
0.0157 1.2 0.2713 0.2711
0.01607 1.2 0.2716 0.2713
0.01643 1.2 0.2718 0.2716
0.0168 1.2 0.272 0.2718
0.01717 1.2 0.2723 0.272
0.01753 1.2 0.2725 0.2723
0.0179 1.2 0.2727 0.2725
0.01826 1.2 0.2728 0.2727
0.01863 1.2 0.2731 0.2729
0.01899 1.2 0.2733 0.2731
0.01936 1.2 0.2734 0.2733
0.01972 1.2 0.2736 0.2734
0.02009 1.2 0.2738 0.2736
0.02045 1.2 0.274 0.2738
0.02082 1.2 0.2742 0.274
0.02118 1.2 0.2743 0.2742
0.02155 1.2 0.2745 0.2743
0.02191 1.2 0.2746 0.2745
0.02228 1.2 0.2748 0.2746
0.02264 1.2 0.275 0.2748
0.02301 1.2 0.2751 0.275
0.02337 1.2 0.2752 0.2751
0.02374 1.2 0.2754 0.2752
0.0241 1.2 0.2755 0.2754
0.02447 1.2 0.2757 0.2755
0.02483 1.2 0.2758 0.2757
0.0252 1.2 0.2759 0.2758
0.02556 1.2 0.2761 0.276
0.02593 1.2 0.2762 0.2761
0.02629 1.2 0.2763 0.2762
0.02666 1.2 0.2764 0.2763
0.02703 1.2 0.2766 0.2765
0.02739 1.2 0.2767 0.2766
0.02776 1.2 0.2768 0.2767
0.02812 1.2 0.2769 0.2768
0.02849 1.2 0.2771 0.2769
0.02885 1.2 0.2772 0.2771
0.02922 1.2 0.2773 0.2772
0.02958 1.2 0.2774 0.2773
0.02995 1.2 0.2775 0.2774
0.03031 1.2 0.2776 0.2775
0.03068 1.2 0.2777 0.2776
0.01315 1.2 0.2739 0.2736
0.01351 1.2 0.2742 0.2739
0.01388 1.2 0.2746 0.2742
0.01424 1.2 0.2748 0.2746
0.01461 1.2 0.2751 0.2748
0.01497 1.2 0.2753 0.2751
0.01534 1.2 0.2756 0.2753
0.0157 1.2 0.2758 0.2756
0.01607 1.2 0.2761 0.2758
0.01643 1.2 0.2763 0.2761
0.0168 1.2 0.2766 0.2763
0.01716 1.2 0.2768 0.2766
0.01753 1.2 0.277 0.2768
0.01789 1.2 0.2772 0.277
0.01826 1.2 0.2774 0.2772
0.01863 1.2 0.2776 0.2774
0.01899 1.2 0.2778 0.2776
0.01936 1.2 0.2779 0.2778
0.01972 1.2 0.2781 0.2779
0.02009 1.2 0.2783 0.2781
0.02045 1.2 0.2785 0.2783
0.02082 1.2 0.2787 0.2785
0.02118 1.2 0.2788 0.2787
0.02155 1.2 0.279 0.2788
0.02191 1.2 0.2791 0.279
0.02228 1.2 0.2793 0.2791
0.02264 1.2 0.2794 0.2793
0.02301 1.2 0.2796 0.2794
0.02337 1.2 0.2797 0.2796
0.02374 1.2 0.2799 0.2797
0.0241 1.2 0.28 0.2799
0.02447 1.2 0.2802 0.28
0.02483 1.2 0.2803 0.2802
0.0252 1.2 0.2804 0.2803
0.02556 1.2 0.2806 0.2804
0.02593 1.2 0.2807 0.2806
0.02629 1.2 0.2808 0.2807
0.02666 1.2 0.281 0.2808
0.02702 1.2 0.2811 0.281
0.02739 1.2 0.2812 0.2811
0.02775 1.2 0.2813 0.2812
0.02812 1.2 0.2814 0.2813
0.02849 1.2 0.2816 0.2815
0.02885 1.2 0.2817 0.2816
0.02922 1.2 0.2818 0.2817
0.02958 1.2 0.2819 0.2818
0.02995 1.2 0.282 0.2819
0.03031 1.2 0.2821 0.282
0.03068 1.2 0.2822 0.2821
0.01315 1.2 0.2812 0.2809
0.01351 1.2 0.2815 0.2812
0.01388 1.2 0.2818 0.2815
0.01424 1.2 0.2821 0.2818
0.01461 1.2 0.2824 0.2821
0.01497 1.2 0.2826 0.2824
0.01534 1.2 0.2829 0.2826
0.0157 1.2 0.2831 0.2829
0.01607 1.2 0.2834 0.2831
0.01643 1.2 0.2836 0.2834
0.0168 1.2 0.2838 0.2836
0.01716 1.2 0.284 0.2838
0.01753 1.2 0.2843 0.284
0.01789 1.2 0.2845 0.2843
0.01826 1.2 0.2847 0.2845
0.01862 1.2 0.2848 0.2847
0.01899 1.2 0.285 0.2848
0.01935 1.2 0.2852 0.285
0.01972 1.2 0.2854 0.2852
0.02009 1.2 0.2856 0.2854
0.02045 1.2 0.2858 0.2856
0.02082 1.2 0.2859 0.2858
0.02118 1.2 0.2861 0.2859
0.02155 1.2 0.2863 0.2861
0.02191 1.2 0.2864 0.2863
0.02228 1.2 0.2866 0.2864
0.02264 1.2 0.2867 0.2866
0.02301 1.2 0.2869 0.2867
0.02337 1.2 0.287 0.2869
0.02374 1.2 0.2872 0.287
0.0241 1.2 0.2873 0.2872
0.02447 1.2 0.2874 0.2873
0.02483 1.2 0.2876 0.2875
0.0252 1.2 0.2877 0.2876
0.02556 1.2 0.2878 0.2877
0.02593 1.2 0.288 0.2878
0.02629 1.2 0.2881 0.288
0.02666 1.2 0.2882 0.2881
0.02702 1.2 0.2883 0.2882
0.02739 1.2 0.2885 0.2883
0.02775 1.2 0.2886 0.2885
0.02812 1.2 0.2887 0.2886
0.02848 1.2 0.2888 0.2887
0.02885 1.2 0.2889 0.2888
0.02921 1.2 0.289 0.2889
0.02958 1.2 0.2892 0.289
0.02994 1.2 0.2893 0.2892
0.03031 1.2 0.2894 0.2893
0.03067 1.2 0.2895 0.2894
